"","state_fiscal_yyyy","time","Surv","CI.1","CI.2"
"1",2000,0,1,0,0
"2",2000,1,0.996078431372549,0.00392156862745096,0
"3",2000,2,0.995294117647059,0.00470588235294117,0
"4",2000,4,0.993725490196078,0.00549019607843133,0.000784313725490168
"5",2000,6,0.992941176470588,0.00627450980392162,0.000784313725490168
"6",2000,12,0.992156862745098,0.00627450980392162,0.00156862745098036
"7",2000,17,0.991372549019608,0.0070588235294118,0.00156862745098036
"8",2000,21,0.990588235294118,0.00784313725490192,0.00156862745098036
"9",2000,22,0.989019607843137,0.00862745098039218,0.00235294117647064
"10",2000,23,0.988235294117647,0.0094117647058824,0.00235294117647064
"11",2000,28,0.987450980392157,0.0101960784313726,0.00235294117647064
"12",2000,30,0.986666666666666,0.0109803921568627,0.00235294117647064
"13",2000,32,0.985098039215686,0.0125490196078431,0.00235294117647064
"14",2000,36,0.983529411764706,0.0125490196078431,0.00392156862745099
"15",2000,49,0.982745098039216,0.0125490196078431,0.00470588235294115
"16",2000,50,0.981960784313725,0.0125490196078431,0.00549019607843138
"17",2000,53,0.980392156862745,0.0133333333333333,0.00627450980392152
"18",2000,55,0.979607843137255,0.0133333333333333,0.00705882352941182
"19",2000,56,0.978039215686274,0.0141176470588235,0.00784313725490197
"20",2000,57,0.977254901960784,0.0141176470588235,0.00862745098039221
"21",2000,58,0.975686274509804,0.0141176470588235,0.0101960784313725
"22",2000,61,0.974117647058824,0.0149019607843137,0.0109803921568627
"23",2000,62,0.973333333333333,0.0156862745098039,0.0109803921568627
"24",2000,66,0.970196078431372,0.0172549019607843,0.0125490196078432
"25",2000,70,0.968627450980392,0.0172549019607843,0.0141176470588235
"26",2000,71,0.967843137254902,0.0172549019607843,0.0149019607843138
"27",2000,73,0.965490196078431,0.0180392156862745,0.0164705882352941
"28",2000,74,0.963921568627451,0.0180392156862745,0.0180392156862745
"29",2000,77,0.962352941176471,0.0180392156862745,0.0196078431372549
"30",2000,78,0.96,0.0196078431372548,0.0203921568627451
"31",2000,79,0.95843137254902,0.0203921568627451,0.0211764705882353
"32",2000,80,0.956862745098039,0.0203921568627451,0.0227450980392156
"33",2000,81,0.955294117647059,0.0203921568627451,0.0243137254901961
"34",2000,82,0.954509803921569,0.0203921568627451,0.0250980392156862
"35",2000,84,0.952941176470588,0.0203921568627451,0.0266666666666666
"36",2000,88,0.951372549019608,0.0211764705882353,0.0274509803921568
"37",2000,89,0.949803921568627,0.0211764705882353,0.0290196078431373
"38",2000,92,0.949019607843137,0.0211764705882353,0.0298039215686274
"39",2000,96,0.947450980392157,0.0211764705882353,0.0313725490196079
"40",2000,97,0.943529411764706,0.0211764705882353,0.0352941176470588
"41",2000,98,0.941960784313726,0.0211764705882353,0.0368627450980392
"42",2000,99,0.941176470588235,0.0219607843137255,0.0368627450980392
"43",2000,100,0.938039215686275,0.0219607843137255,0.04
"44",2000,101,0.935686274509804,0.0219607843137255,0.0423529411764706
"45",2000,103,0.934901960784314,0.0219607843137255,0.0431372549019608
"46",2000,104,0.934117647058823,0.0227450980392157,0.0431372549019608
"47",2000,105,0.932549019607843,0.0227450980392157,0.0447058823529412
"48",2000,106,0.929411764705882,0.0227450980392157,0.0478431372549019
"49",2000,107,0.928627450980392,0.0227450980392157,0.0486274509803921
"50",2000,108,0.927058823529412,0.0227450980392157,0.0501960784313726
"51",2000,110,0.925490196078431,0.0227450980392157,0.0517647058823529
"52",2000,113,0.923137254901961,0.0227450980392157,0.0541176470588236
"53",2000,115,0.921568627450981,0.0227450980392157,0.0556862745098039
"54",2000,117,0.92078431372549,0.0227450980392157,0.0564705882352941
"55",2000,118,0.91921568627451,0.0235294117647059,0.0572549019607844
"56",2000,119,0.916862745098039,0.0235294117647059,0.0596078431372549
"57",2000,120,0.915294117647059,0.0235294117647059,0.0611764705882353
"58",2000,121,0.914509803921569,0.0243137254901961,0.0611764705882353
"59",2000,122,0.913725490196079,0.0250980392156862,0.0611764705882353
"60",2000,124,0.912941176470588,0.0250980392156862,0.0619607843137255
"61",2000,125,0.910588235294118,0.0250980392156862,0.0643137254901961
"62",2000,126,0.909803921568628,0.0250980392156862,0.0650980392156863
"63",2000,127,0.909019607843138,0.0258823529411764,0.0650980392156863
"64",2000,128,0.908235294117647,0.0258823529411764,0.0658823529411765
"65",2000,129,0.905882352941177,0.0258823529411764,0.068235294117647
"66",2000,130,0.904313725490197,0.0258823529411764,0.0698039215686275
"67",2000,132,0.903529411764706,0.0258823529411764,0.0705882352941176
"68",2000,135,0.898823529411765,0.0298039215686274,0.0713725490196079
"69",2000,136,0.892549019607844,0.0298039215686274,0.0776470588235294
"70",2000,137,0.890980392156863,0.0298039215686274,0.0792156862745098
"71",2000,138,0.889411764705883,0.0298039215686274,0.0807843137254902
"72",2000,139,0.887058823529412,0.0298039215686274,0.0831372549019607
"73",2000,140,0.883921568627451,0.0298039215686274,0.0862745098039216
"74",2000,141,0.881568627450981,0.0298039215686274,0.0886274509803922
"75",2000,142,0.88078431372549,0.0298039215686274,0.0894117647058824
"76",2000,143,0.87843137254902,0.0298039215686274,0.091764705882353
"77",2000,144,0.876078431372549,0.0298039215686274,0.0941176470588236
"78",2000,145,0.873725490196079,0.0298039215686274,0.0964705882352941
"79",2000,146,0.872156862745098,0.0298039215686274,0.0980392156862745
"80",2000,147,0.868235294117647,0.0298039215686274,0.101960784313726
"81",2000,148,0.864313725490196,0.0305882352941176,0.105098039215686
"82",2000,150,0.861960784313726,0.0305882352941176,0.107450980392157
"83",2000,151,0.861176470588235,0.0305882352941176,0.108235294117647
"84",2000,152,0.859607843137255,0.0305882352941176,0.109803921568627
"85",2000,153,0.858039215686275,0.0313725490196079,0.110588235294118
"86",2000,154,0.857254901960785,0.032156862745098,0.110588235294118
"87",2000,155,0.854901960784314,0.032156862745098,0.112941176470588
"88",2000,156,0.853333333333334,0.032156862745098,0.114509803921569
"89",2000,157,0.850196078431373,0.032156862745098,0.117647058823529
"90",2000,158,0.849411764705883,0.032156862745098,0.11843137254902
"91",2000,160,0.846274509803922,0.0345098039215686,0.11921568627451
"92",2000,161,0.844705882352942,0.0345098039215686,0.12078431372549
"93",2000,162,0.840784313725491,0.0345098039215686,0.124705882352941
"94",2000,163,0.84,0.0345098039215686,0.125490196078431
"95",2000,164,0.836862745098039,0.0352941176470588,0.127843137254902
"96",2000,165,0.833725490196079,0.0352941176470588,0.130980392156863
"97",2000,166,0.830588235294118,0.0352941176470588,0.134117647058824
"98",2000,167,0.829803921568628,0.0352941176470588,0.134901960784314
"99",2000,168,0.829019607843138,0.0352941176470588,0.135686274509804
"100",2000,169,0.827450980392157,0.036078431372549,0.136470588235294
"101",2000,170,0.825882352941177,0.036078431372549,0.138039215686274
"102",2000,171,0.822745098039216,0.036078431372549,0.141176470588235
"103",2000,172,0.819607843137255,0.0384313725490196,0.141960784313725
"104",2000,173,0.818039215686275,0.0384313725490196,0.143529411764706
"105",2000,174,0.817254901960785,0.0392156862745098,0.143529411764706
"106",2000,175,0.814901960784314,0.0392156862745098,0.145882352941177
"107",2000,176,0.807058823529412,0.0423529411764706,0.150588235294118
"108",2000,177,0.805490196078432,0.0423529411764706,0.152156862745098
"109",2000,178,0.800784313725491,0.0423529411764706,0.156862745098039
"110",2000,179,0.79921568627451,0.0423529411764706,0.15843137254902
"111",2000,180,0.79843137254902,0.0423529411764706,0.15921568627451
"112",2000,181,0.79764705882353,0.0423529411764706,0.16
"113",2000,182,0.796862745098039,0.0423529411764706,0.16078431372549
"114",2000,183,0.794509803921569,0.0423529411764706,0.163137254901961
"115",2000,184,0.791372549019608,0.0423529411764706,0.166274509803922
"116",2000,185,0.786666666666667,0.0423529411764706,0.170980392156863
"117",2000,187,0.784313725490197,0.0431372549019608,0.172549019607843
"118",2000,188,0.782745098039216,0.0431372549019608,0.174117647058823
"119",2000,189,0.781960784313726,0.0431372549019608,0.174901960784314
"120",2000,190,0.774901960784314,0.0454901960784314,0.179607843137255
"121",2000,191,0.773333333333334,0.0454901960784314,0.181176470588235
"122",2000,192,0.771764705882353,0.0454901960784314,0.182745098039216
"123",2000,193,0.769411764705883,0.0454901960784314,0.185098039215686
"124",2000,194,0.767058823529412,0.0454901960784314,0.187450980392157
"125",2000,195,0.765490196078432,0.0454901960784314,0.189019607843137
"126",2000,196,0.763137254901961,0.0454901960784314,0.191372549019608
"127",2000,197,0.761568627450981,0.0462745098039215,0.192156862745098
"128",2000,198,0.76,0.0470588235294118,0.192941176470588
"129",2000,199,0.754509803921569,0.047843137254902,0.197647058823529
"130",2000,201,0.752156862745098,0.047843137254902,0.2
"131",2000,202,0.751372549019608,0.047843137254902,0.20078431372549
"132",2000,203,0.750588235294118,0.047843137254902,0.20156862745098
"133",2000,204,0.745098039215687,0.0501960784313725,0.204705882352941
"134",2000,205,0.742745098039216,0.0501960784313725,0.207058823529412
"135",2000,206,0.741960784313726,0.0501960784313725,0.207843137254902
"136",2000,207,0.739607843137255,0.0501960784313725,0.210196078431373
"137",2000,208,0.738823529411765,0.0501960784313725,0.210980392156863
"138",2000,209,0.734901960784314,0.0501960784313725,0.214901960784314
"139",2000,210,0.728627450980392,0.0501960784313725,0.221176470588235
"140",2000,211,0.726274509803922,0.0509803921568627,0.222745098039216
"141",2000,212,0.725490196078432,0.0509803921568627,0.223529411764706
"142",2000,213,0.722352941176471,0.0509803921568627,0.226666666666667
"143",2000,214,0.720784313725491,0.0517647058823529,0.227450980392157
"144",2000,216,0.71921568627451,0.0517647058823529,0.229019607843137
"145",2000,217,0.71764705882353,0.0517647058823529,0.230588235294118
"146",2000,218,0.716078431372549,0.0517647058823529,0.232156862745098
"147",2000,220,0.712156862745098,0.0517647058823529,0.236078431372549
"148",2000,222,0.709803921568628,0.0517647058823529,0.23843137254902
"149",2000,223,0.708235294117647,0.0517647058823529,0.24
"150",2000,224,0.707450980392157,0.0517647058823529,0.24078431372549
"151",2000,225,0.705882352941177,0.0517647058823529,0.242352941176471
"152",2000,226,0.705098039215686,0.0517647058823529,0.243137254901961
"153",2000,227,0.702745098039216,0.0525490196078431,0.244705882352941
"154",2000,228,0.700392156862745,0.0525490196078431,0.247058823529412
"155",2000,229,0.695686274509804,0.0525490196078431,0.251764705882353
"156",2000,230,0.693333333333333,0.0525490196078431,0.254117647058824
"157",2000,231,0.690980392156863,0.0533333333333334,0.255686274509804
"158",2000,232,0.690196078431373,0.0533333333333334,0.256470588235294
"159",2000,233,0.683921568627451,0.0533333333333334,0.262745098039216
"160",2000,234,0.682352941176471,0.0533333333333334,0.264313725490196
"161",2000,235,0.68,0.0533333333333334,0.266666666666667
"162",2000,237,0.67921568627451,0.0533333333333334,0.267450980392157
"163",2000,238,0.676862745098039,0.0533333333333334,0.269803921568628
"164",2000,239,0.671372549019608,0.0549019607843138,0.273725490196079
"165",2000,240,0.669803921568628,0.0549019607843138,0.275294117647059
"166",2000,241,0.669019607843137,0.0549019607843138,0.276078431372549
"167",2000,242,0.668235294117647,0.0549019607843138,0.276862745098039
"168",2000,243,0.667450980392157,0.0549019607843138,0.27764705882353
"169",2000,244,0.665882352941177,0.0556862745098039,0.27843137254902
"170",2000,245,0.664313725490196,0.0556862745098039,0.28
"171",2000,246,0.663529411764706,0.0556862745098039,0.28078431372549
"172",2000,247,0.661176470588235,0.0556862745098039,0.283137254901961
"173",2000,248,0.660392156862745,0.0556862745098039,0.283921568627451
"174",2000,250,0.659607843137255,0.0556862745098039,0.284705882352941
"175",2000,251,0.658823529411765,0.0556862745098039,0.285490196078432
"176",2000,253,0.650980392156863,0.0572549019607843,0.291764705882353
"177",2000,255,0.647843137254902,0.0572549019607843,0.294901960784314
"178",2000,257,0.645490196078431,0.0572549019607843,0.297254901960784
"179",2000,258,0.643921568627451,0.0588235294117647,0.297254901960784
"180",2000,259,0.642352941176471,0.0588235294117647,0.298823529411765
"181",2000,260,0.64078431372549,0.0588235294117647,0.300392156862745
"182",2000,261,0.64,0.0588235294117647,0.301176470588236
"183",2000,263,0.636862745098039,0.0588235294117647,0.304313725490196
"184",2000,265,0.636078431372549,0.0588235294117647,0.305098039215687
"185",2000,266,0.633725490196078,0.0588235294117647,0.307450980392157
"186",2000,268,0.632156862745098,0.0596078431372549,0.308235294117647
"187",2000,270,0.631372549019608,0.0596078431372549,0.309019607843138
"188",2000,271,0.629019607843137,0.0603921568627451,0.310588235294118
"189",2000,273,0.625882352941176,0.0603921568627451,0.313725490196079
"190",2000,274,0.623529411764706,0.0619607843137255,0.314509803921569
"191",2000,275,0.622745098039216,0.0619607843137255,0.315294117647059
"192",2000,278,0.621960784313725,0.0619607843137255,0.316078431372549
"193",2000,279,0.621176470588235,0.0619607843137255,0.316862745098039
"194",2000,280,0.620392156862745,0.0619607843137255,0.31764705882353
"195",2000,281,0.617254901960784,0.0619607843137255,0.32078431372549
"196",2000,282,0.615686274509804,0.0619607843137255,0.322352941176471
"197",2000,283,0.613333333333333,0.0619607843137255,0.324705882352941
"198",2000,285,0.610196078431372,0.0619607843137255,0.327843137254902
"199",2000,286,0.609411764705882,0.0619607843137255,0.328627450980392
"200",2000,287,0.607058823529412,0.0619607843137255,0.330980392156863
"201",2000,288,0.606274509803921,0.0619607843137255,0.331764705882353
"202",2000,290,0.604705882352941,0.0619607843137255,0.333333333333334
"203",2000,291,0.60235294117647,0.0619607843137255,0.335686274509804
"204",2000,292,0.60156862745098,0.0619607843137255,0.336470588235294
"205",2000,294,0.598431372549019,0.0619607843137255,0.339607843137255
"206",2000,295,0.595294117647058,0.0643137254901961,0.340392156862745
"207",2000,296,0.594509803921568,0.0643137254901961,0.341176470588236
"208",2000,297,0.589803921568627,0.0643137254901961,0.345882352941177
"209",2000,298,0.589019607843137,0.0643137254901961,0.346666666666667
"210",2000,299,0.585098039215686,0.0643137254901961,0.350588235294118
"211",2000,300,0.584313725490196,0.0643137254901961,0.351372549019608
"212",2000,301,0.582745098039215,0.0643137254901961,0.352941176470588
"213",2000,302,0.579607843137255,0.0650980392156863,0.355294117647059
"214",2000,303,0.578039215686274,0.0650980392156863,0.356862745098039
"215",2000,304,0.577254901960784,0.0650980392156863,0.35764705882353
"216",2000,305,0.574901960784313,0.0650980392156863,0.36
"217",2000,307,0.573333333333333,0.0650980392156863,0.361568627450981
"218",2000,308,0.571764705882353,0.0650980392156863,0.363137254901961
"219",2000,309,0.569411764705882,0.0650980392156863,0.365490196078432
"220",2000,310,0.564705882352941,0.0650980392156863,0.370196078431373
"221",2000,311,0.56235294117647,0.0658823529411765,0.371764705882353
"222",2000,312,0.56078431372549,0.0658823529411765,0.373333333333334
"223",2000,313,0.558431372549019,0.0658823529411765,0.375686274509804
"224",2000,314,0.557647058823529,0.0658823529411765,0.376470588235294
"225",2000,315,0.556078431372549,0.0658823529411765,0.378039215686275
"226",2000,316,0.554509803921568,0.0666666666666667,0.378823529411765
"227",2000,317,0.551372549019607,0.0666666666666667,0.381960784313726
"228",2000,318,0.550588235294117,0.0674509803921569,0.381960784313726
"229",2000,320,0.549019607843137,0.0674509803921569,0.383529411764706
"230",2000,321,0.548235294117647,0.068235294117647,0.383529411764706
"231",2000,322,0.545882352941176,0.068235294117647,0.385882352941177
"232",2000,325,0.544313725490196,0.068235294117647,0.387450980392157
"233",2000,327,0.543529411764706,0.068235294117647,0.388235294117647
"234",2000,330,0.541960784313725,0.068235294117647,0.389803921568628
"235",2000,331,0.540392156862745,0.068235294117647,0.391372549019608
"236",2000,332,0.538039215686274,0.068235294117647,0.393725490196079
"237",2000,333,0.537254901960784,0.068235294117647,0.394509803921569
"238",2000,334,0.536470588235294,0.068235294117647,0.395294117647059
"239",2000,335,0.535686274509803,0.068235294117647,0.396078431372549
"240",2000,337,0.534901960784313,0.068235294117647,0.396862745098039
"241",2000,338,0.534117647058823,0.068235294117647,0.39764705882353
"242",2000,339,0.533333333333333,0.068235294117647,0.39843137254902
"243",2000,341,0.530980392156862,0.0690196078431373,0.4
"244",2000,342,0.529411764705882,0.0698039215686274,0.400784313725491
"245",2000,343,0.527843137254901,0.0698039215686274,0.402352941176471
"246",2000,344,0.524705882352941,0.0698039215686274,0.405490196078432
"247",2000,345,0.52235294117647,0.0698039215686274,0.407843137254902
"248",2000,346,0.52156862745098,0.0698039215686274,0.408627450980392
"249",2000,347,0.52078431372549,0.0698039215686274,0.409411764705883
"250",2000,348,0.516862745098039,0.0698039215686274,0.413333333333334
"251",2000,350,0.516078431372549,0.0698039215686274,0.414117647058824
"252",2000,351,0.515294117647058,0.0698039215686274,0.414901960784314
"253",2000,352,0.514509803921568,0.0698039215686274,0.415686274509804
"254",2000,353,0.512941176470588,0.0705882352941176,0.416470588235294
"255",2000,356,0.512156862745098,0.0705882352941176,0.417254901960785
"256",2000,357,0.509803921568627,0.0705882352941176,0.419607843137255
"257",2000,359,0.509019607843137,0.0705882352941176,0.420392156862745
"258",2000,363,0.505882352941176,0.0705882352941176,0.423529411764706
"259",2000,364,0.503529411764706,0.0705882352941176,0.425882352941177
"260",2000,365,0.499607843137255,0.0713725490196078,0.429019607843137
"261",2000,368,0.497254901960784,0.0713725490196078,0.431372549019608
"262",2000,369,0.495686274509804,0.0713725490196078,0.432941176470588
"263",2000,370,0.493333333333333,0.0713725490196078,0.435294117647059
"264",2000,371,0.492549019607843,0.0713725490196078,0.436078431372549
"265",2000,372,0.491764705882353,0.0713725490196078,0.436862745098039
"266",2000,373,0.490980392156863,0.0713725490196078,0.43764705882353
"267",2000,374,0.490196078431372,0.0713725490196078,0.43843137254902
"268",2000,376,0.487058823529412,0.0713725490196078,0.441568627450981
"269",2000,379,0.485490196078431,0.0713725490196078,0.443137254901961
"270",2000,380,0.484705882352941,0.0713725490196078,0.443921568627451
"271",2000,381,0.483921568627451,0.0713725490196078,0.444705882352941
"272",2000,383,0.47921568627451,0.0713725490196078,0.449411764705883
"273",2000,384,0.477647058823529,0.0713725490196078,0.450980392156863
"274",2000,385,0.476078431372549,0.0713725490196078,0.452549019607843
"275",2000,386,0.474509803921568,0.0713725490196078,0.454117647058824
"276",2000,387,0.472941176470588,0.0713725490196078,0.455686274509804
"277",2000,388,0.471372549019608,0.0713725490196078,0.457254901960784
"278",2000,390,0.469803921568627,0.0713725490196078,0.458823529411765
"279",2000,392,0.467450980392157,0.0713725490196078,0.461176470588236
"280",2000,393,0.466666666666666,0.0713725490196078,0.461960784313726
"281",2000,394,0.465882352941176,0.0713725490196078,0.462745098039216
"282",2000,395,0.463529411764706,0.0713725490196078,0.465098039215686
"283",2000,399,0.462745098039215,0.0713725490196078,0.465882352941177
"284",2000,400,0.461176470588235,0.0729411764705882,0.465882352941177
"285",2000,401,0.459607843137255,0.0729411764705882,0.467450980392157
"286",2000,402,0.458823529411764,0.0729411764705882,0.468235294117647
"287",2000,403,0.457254901960784,0.0729411764705882,0.469803921568628
"288",2000,404,0.456470588235294,0.0729411764705882,0.470588235294118
"289",2000,406,0.455686274509804,0.0729411764705882,0.471372549019608
"290",2000,409,0.451764705882353,0.0729411764705882,0.475294117647059
"291",2000,410,0.450196078431372,0.0729411764705882,0.476862745098039
"292",2000,413,0.447843137254902,0.0729411764705882,0.47921568627451
"293",2000,414,0.447058823529411,0.0729411764705882,0.48
"294",2000,415,0.443921568627451,0.0729411764705882,0.483137254901961
"295",2000,416,0.44313725490196,0.0737254901960784,0.483137254901961
"296",2000,417,0.44235294117647,0.0737254901960784,0.483921568627451
"297",2000,418,0.44078431372549,0.0737254901960784,0.485490196078432
"298",2000,419,0.44,0.0737254901960784,0.486274509803922
"299",2000,420,0.438431372549019,0.0737254901960784,0.487843137254902
"300",2000,422,0.437647058823529,0.0737254901960784,0.488627450980392
"301",2000,423,0.436862745098039,0.0737254901960784,0.489411764705883
"302",2000,424,0.435294117647058,0.0737254901960784,0.490980392156863
"303",2000,425,0.434509803921568,0.0737254901960784,0.491764705882353
"304",2000,428,0.433725490196078,0.0737254901960784,0.492549019607843
"305",2000,430,0.432156862745098,0.0737254901960784,0.494117647058824
"306",2000,432,0.430588235294117,0.0737254901960784,0.495686274509804
"307",2000,433,0.429803921568627,0.0745098039215686,0.495686274509804
"308",2000,434,0.429019607843137,0.0752941176470588,0.495686274509804
"309",2000,435,0.427450980392157,0.0752941176470588,0.497254901960785
"310",2000,437,0.425882352941176,0.0752941176470588,0.498823529411765
"311",2000,438,0.425098039215686,0.0752941176470588,0.499607843137255
"312",2000,439,0.424313725490196,0.0752941176470588,0.500392156862745
"313",2000,440,0.423529411764705,0.0752941176470588,0.501176470588236
"314",2000,442,0.421176470588235,0.0752941176470588,0.503529411764706
"315",2000,444,0.420392156862745,0.0752941176470588,0.504313725490196
"316",2000,445,0.419607843137255,0.0752941176470588,0.505098039215687
"317",2000,447,0.418039215686274,0.0752941176470588,0.506666666666667
"318",2000,449,0.416470588235294,0.0752941176470588,0.508235294117647
"319",2000,450,0.414117647058823,0.0752941176470588,0.510588235294118
"320",2000,451,0.411764705882353,0.0752941176470588,0.512941176470589
"321",2000,452,0.410980392156862,0.0752941176470588,0.513725490196079
"322",2000,453,0.409411764705882,0.0752941176470588,0.515294117647059
"323",2000,455,0.408627450980392,0.0752941176470588,0.516078431372549
"324",2000,456,0.405490196078431,0.0752941176470588,0.51921568627451
"325",2000,457,0.40078431372549,0.0752941176470588,0.523921568627451
"326",2000,458,0.398431372549019,0.0752941176470588,0.526274509803922
"327",2000,459,0.397647058823529,0.0752941176470588,0.527058823529412
"328",2000,460,0.396862745098039,0.0752941176470588,0.527843137254902
"329",2000,462,0.396078431372549,0.0752941176470588,0.528627450980392
"330",2000,463,0.391372549019608,0.0752941176470588,0.533333333333333
"331",2000,464,0.390588235294117,0.0752941176470588,0.534117647058824
"332",2000,465,0.388235294117647,0.0752941176470588,0.536470588235294
"333",2000,469,0.387450980392157,0.0752941176470588,0.537254901960784
"334",2000,470,0.386666666666666,0.0752941176470588,0.538039215686274
"335",2000,471,0.385098039215686,0.0752941176470588,0.539607843137255
"336",2000,472,0.383529411764706,0.0752941176470588,0.541176470588235
"337",2000,475,0.382745098039215,0.0752941176470588,0.541960784313726
"338",2000,476,0.381960784313725,0.0752941176470588,0.542745098039216
"339",2000,477,0.380392156862745,0.076078431372549,0.543529411764706
"340",2000,478,0.379607843137255,0.076078431372549,0.544313725490196
"341",2000,480,0.378039215686274,0.076078431372549,0.545882352941176
"342",2000,484,0.376470588235294,0.076078431372549,0.547450980392157
"343",2000,486,0.375686274509804,0.076078431372549,0.548235294117647
"344",2000,487,0.374117647058823,0.076078431372549,0.549803921568627
"345",2000,489,0.373333333333333,0.076078431372549,0.550588235294118
"346",2000,490,0.371764705882353,0.076078431372549,0.552156862745098
"347",2000,491,0.368627450980392,0.076078431372549,0.555294117647059
"348",2000,492,0.367843137254902,0.076078431372549,0.556078431372549
"349",2000,493,0.366274509803921,0.076078431372549,0.557647058823529
"350",2000,495,0.363921568627451,0.076078431372549,0.56
"351",2000,497,0.36313725490196,0.076078431372549,0.56078431372549
"352",2000,498,0.36235294117647,0.076078431372549,0.56156862745098
"353",2000,499,0.36156862745098,0.076078431372549,0.56235294117647
"354",2000,501,0.36078431372549,0.076078431372549,0.563137254901961
"355",2000,503,0.35921568627451,0.076078431372549,0.564705882352941
"356",2000,505,0.358431372549019,0.076078431372549,0.565490196078431
"357",2000,507,0.357647058823529,0.076078431372549,0.566274509803922
"358",2000,509,0.356862745098039,0.076078431372549,0.567058823529412
"359",2000,510,0.356078431372549,0.076078431372549,0.567843137254902
"360",2000,513,0.354509803921568,0.076078431372549,0.569411764705882
"361",2000,514,0.353725490196078,0.076078431372549,0.570196078431373
"362",2000,516,0.352156862745098,0.076078431372549,0.571764705882353
"363",2000,519,0.349803921568627,0.0768627450980392,0.573333333333333
"364",2000,521,0.347450980392157,0.0768627450980392,0.575686274509804
"365",2000,522,0.345098039215686,0.0768627450980392,0.578039215686275
"366",2000,523,0.344313725490196,0.0768627450980392,0.578823529411765
"367",2000,525,0.343529411764706,0.0768627450980392,0.579607843137255
"368",2000,526,0.342745098039215,0.0768627450980392,0.580392156862745
"369",2000,527,0.341960784313725,0.0768627450980392,0.581176470588235
"370",2000,528,0.340392156862745,0.0768627450980392,0.582745098039216
"371",2000,530,0.337254901960784,0.0768627450980392,0.585882352941177
"372",2000,532,0.336470588235294,0.0768627450980392,0.586666666666667
"373",2000,535,0.335686274509804,0.0768627450980392,0.587450980392157
"374",2000,536,0.334117647058823,0.0776470588235294,0.588235294117647
"375",2000,539,0.333333333333333,0.0776470588235294,0.589019607843137
"376",2000,540,0.331764705882353,0.0776470588235294,0.590588235294118
"377",2000,541,0.330980392156863,0.0776470588235294,0.591372549019608
"378",2000,542,0.329411764705882,0.0776470588235294,0.592941176470588
"379",2000,543,0.325490196078431,0.0776470588235294,0.596862745098039
"380",2000,544,0.324705882352941,0.0776470588235294,0.59764705882353
"381",2000,545,0.323137254901961,0.0776470588235294,0.59921568627451
"382",2000,547,0.32235294117647,0.0776470588235294,0.6
"383",2000,549,0.32156862745098,0.0776470588235294,0.60078431372549
"384",2000,552,0.32078431372549,0.0784313725490196,0.60078431372549
"385",2000,553,0.31921568627451,0.0792156862745098,0.601568627450981
"386",2000,554,0.316862745098039,0.0792156862745098,0.603921568627451
"387",2000,558,0.316078431372549,0.0792156862745098,0.604705882352941
"388",2000,559,0.315294117647059,0.0792156862745098,0.605490196078432
"389",2000,562,0.314509803921568,0.0792156862745098,0.606274509803922
"390",2000,563,0.312941176470588,0.0807843137254902,0.606274509803922
"391",2000,565,0.310588235294117,0.0807843137254902,0.608627450980392
"392",2000,567,0.309019607843137,0.0807843137254902,0.610196078431373
"393",2000,568,0.308235294117647,0.0807843137254902,0.610980392156863
"394",2000,569,0.307450980392157,0.0807843137254902,0.611764705882353
"395",2000,574,0.304313725490196,0.0807843137254902,0.614901960784314
"396",2000,575,0.303529411764706,0.0807843137254902,0.615686274509804
"397",2000,576,0.302745098039216,0.0807843137254902,0.616470588235294
"398",2000,577,0.300392156862745,0.0807843137254902,0.618823529411765
"399",2000,578,0.299607843137255,0.0807843137254902,0.619607843137255
"400",2000,582,0.298823529411765,0.0807843137254902,0.620392156862745
"401",2000,583,0.298039215686274,0.0807843137254902,0.621176470588236
"402",2000,586,0.296470588235294,0.0807843137254902,0.622745098039216
"403",2000,588,0.295686274509804,0.0807843137254902,0.623529411764706
"404",2000,589,0.294117647058823,0.0807843137254902,0.625098039215687
"405",2000,590,0.293333333333333,0.0807843137254902,0.625882352941177
"406",2000,591,0.291764705882353,0.0807843137254902,0.627450980392157
"407",2000,592,0.290196078431372,0.0807843137254902,0.629019607843137
"408",2000,594,0.289411764705882,0.0815686274509804,0.629019607843137
"409",2000,596,0.288627450980392,0.0815686274509804,0.629803921568628
"410",2000,597,0.287058823529412,0.0823529411764706,0.630588235294118
"411",2000,598,0.284705882352941,0.0823529411764706,0.632941176470588
"412",2000,599,0.283921568627451,0.0823529411764706,0.633725490196079
"413",2000,600,0.28235294117647,0.0831372549019607,0.634509803921569
"414",2000,604,0.28156862745098,0.0831372549019607,0.635294117647059
"415",2000,605,0.28,0.0831372549019607,0.636862745098039
"416",2000,608,0.27921568627451,0.0831372549019607,0.63764705882353
"417",2000,612,0.276862745098039,0.0831372549019607,0.64
"418",2000,613,0.275294117647059,0.0847058823529411,0.64
"419",2000,617,0.274509803921569,0.0847058823529411,0.64078431372549
"420",2000,625,0.272941176470588,0.0847058823529411,0.642352941176471
"421",2000,627,0.271372549019608,0.0854901960784313,0.643137254901961
"422",2000,629,0.270588235294118,0.0854901960784313,0.643921568627451
"423",2000,630,0.269803921568627,0.0854901960784313,0.644705882352941
"424",2000,631,0.269019607843137,0.0854901960784313,0.645490196078431
"425",2000,632,0.266666666666667,0.0854901960784313,0.647843137254902
"426",2000,637,0.265882352941176,0.0854901960784313,0.648627450980392
"427",2000,641,0.265098039215686,0.0854901960784313,0.649411764705882
"428",2000,646,0.264313725490196,0.0854901960784313,0.650196078431373
"429",2000,647,0.263529411764706,0.0854901960784313,0.650980392156863
"430",2000,648,0.262745098039216,0.0854901960784313,0.651764705882353
"431",2000,653,0.261960784313725,0.0854901960784313,0.652549019607843
"432",2000,654,0.260392156862745,0.0854901960784313,0.654117647058824
"433",2000,656,0.258823529411765,0.0862745098039216,0.654901960784314
"434",2000,659,0.257254901960784,0.0862745098039216,0.656470588235294
"435",2000,661,0.254901960784314,0.0886274509803921,0.656470588235294
"436",2000,663,0.253333333333333,0.0886274509803921,0.658039215686275
"437",2000,666,0.252549019607843,0.0894117647058823,0.658039215686275
"438",2000,673,0.250196078431372,0.0901960784313725,0.659607843137255
"439",2000,675,0.249411764705882,0.0901960784313725,0.660392156862745
"440",2000,677,0.247843137254902,0.0917647058823529,0.660392156862745
"441",2000,679,0.246274509803921,0.0917647058823529,0.661960784313726
"442",2000,685,0.245490196078431,0.0917647058823529,0.662745098039216
"443",2000,687,0.244705882352941,0.0917647058823529,0.663529411764706
"444",2000,693,0.243921568627451,0.0917647058823529,0.664313725490196
"445",2000,694,0.243137254901961,0.0917647058823529,0.665098039215686
"446",2000,696,0.24156862745098,0.0925490196078431,0.665882352941176
"447",2000,699,0.24,0.0925490196078431,0.667450980392157
"448",2000,700,0.23921568627451,0.0925490196078431,0.668235294117647
"449",2000,708,0.238431372549019,0.0925490196078431,0.669019607843137
"450",2000,710,0.237647058823529,0.0925490196078431,0.669803921568627
"451",2000,714,0.236862745098039,0.0925490196078431,0.670588235294117
"452",2000,720,0.235294117647059,0.0925490196078431,0.672156862745098
"453",2000,721,0.233725490196078,0.0925490196078431,0.673725490196078
"454",2000,723,0.232941176470588,0.0925490196078431,0.674509803921569
"455",2000,724,0.231372549019608,0.0925490196078431,0.676078431372549
"456",2000,727,0.230588235294118,0.0925490196078431,0.676862745098039
"457",2000,729,0.227450980392157,0.0925490196078431,0.68
"458",2000,730,0.225098039215686,0.0941176470588235,0.68078431372549
"459",2000,736,0.223529411764706,0.0941176470588235,0.682352941176471
"460",2000,737,0.221960784313725,0.0941176470588235,0.683921568627451
"461",2000,738,0.221176470588235,0.0941176470588235,0.684705882352941
"462",2000,739,0.220392156862745,0.0941176470588235,0.685490196078431
"463",2000,740,0.219607843137255,0.0949019607843137,0.685490196078431
"464",2000,745,0.218039215686274,0.0949019607843137,0.687058823529412
"465",2000,747,0.215686274509804,0.0949019607843137,0.689411764705882
"466",2000,752,0.211764705882353,0.0949019607843137,0.693333333333333
"467",2000,756,0.210980392156863,0.0949019607843137,0.694117647058824
"468",2000,757,0.209411764705882,0.0949019607843137,0.695686274509804
"469",2000,758,0.206274509803921,0.0972549019607843,0.696470588235294
"470",2000,759,0.205490196078431,0.0972549019607843,0.697254901960784
"471",2000,761,0.203921568627451,0.0972549019607843,0.698823529411765
"472",2000,763,0.203137254901961,0.0972549019607843,0.699607843137255
"473",2000,764,0.20156862745098,0.0972549019607843,0.701176470588235
"474",2000,765,0.197647058823529,0.0972549019607843,0.705098039215686
"475",2000,766,0.196862745098039,0.0972549019607843,0.705882352941176
"476",2000,767,0.196078431372549,0.0972549019607843,0.706666666666667
"477",2000,771,0.194509803921568,0.0988235294117647,0.706666666666667
"478",2000,772,0.192156862745098,0.101176470588235,0.706666666666667
"479",2000,775,0.190588235294118,0.101176470588235,0.708235294117647
"480",2000,779,0.189803921568627,0.101960784313725,0.708235294117647
"481",2000,790,0.189019607843137,0.101960784313725,0.709019607843137
"482",2000,797,0.188235294117647,0.101960784313725,0.709803921568627
"483",2000,801,0.186666666666667,0.101960784313725,0.711372549019608
"484",2000,803,0.185098039215686,0.101960784313725,0.712941176470588
"485",2000,804,0.184313725490196,0.101960784313725,0.713725490196078
"486",2000,805,0.183529411764706,0.101960784313725,0.714509803921569
"487",2000,806,0.182745098039216,0.101960784313725,0.715294117647059
"488",2000,811,0.180392156862745,0.104313725490196,0.715294117647059
"489",2000,815,0.179607843137255,0.104313725490196,0.716078431372549
"490",2000,828,0.178823529411765,0.104313725490196,0.716862745098039
"491",2000,836,0.178039215686274,0.104313725490196,0.717647058823529
"492",2000,842,0.176470588235294,0.104313725490196,0.71921568627451
"493",2000,848,0.175686274509804,0.104313725490196,0.72
"494",2000,850,0.174901960784314,0.105098039215686,0.72
"495",2000,855,0.174117647058823,0.105098039215686,0.72078431372549
"496",2000,860,0.173333333333333,0.105098039215686,0.72156862745098
"497",2000,862,0.171764705882353,0.106666666666667,0.72156862745098
"498",2000,863,0.170196078431372,0.106666666666667,0.723137254901961
"499",2000,864,0.169411764705882,0.107450980392157,0.723137254901961
"500",2000,868,0.168627450980392,0.107450980392157,0.723921568627451
"501",2000,873,0.167843137254902,0.108235294117647,0.723921568627451
"502",2000,876,0.167058823529412,0.109019607843137,0.723921568627451
"503",2000,877,0.165490196078431,0.109019607843137,0.725490196078431
"504",2000,889,0.164705882352941,0.109019607843137,0.726274509803921
"505",2000,893,0.163921568627451,0.109019607843137,0.727058823529412
"506",2000,900,0.163137254901961,0.109019607843137,0.727843137254902
"507",2000,905,0.16235294117647,0.109019607843137,0.728627450980392
"508",2000,906,0.16156862745098,0.109019607843137,0.729411764705882
"509",2000,907,0.16078431372549,0.109019607843137,0.730196078431372
"510",2000,910,0.15921568627451,0.109019607843137,0.731764705882353
"511",2000,913,0.15843137254902,0.109019607843137,0.732549019607843
"512",2000,933,0.157647058823529,0.109019607843137,0.733333333333333
"513",2000,940,0.156078431372549,0.109019607843137,0.734901960784313
"514",2000,948,0.155294117647059,0.109803921568627,0.734901960784313
"515",2000,949,0.154509803921569,0.109803921568627,0.735686274509804
"516",2000,952,0.153725490196078,0.109803921568627,0.736470588235294
"517",2000,957,0.151372549019608,0.109803921568627,0.738823529411764
"518",2000,960,0.150588235294118,0.110588235294118,0.738823529411764
"519",2000,961,0.149019607843137,0.110588235294118,0.740392156862745
"520",2000,970,0.148235294117647,0.111372549019608,0.740392156862745
"521",2000,976,0.147450980392157,0.111372549019608,0.741176470588235
"522",2000,981,0.146666666666667,0.111372549019608,0.741960784313725
"523",2000,988,0.145882352941176,0.112156862745098,0.741960784313725
"524",2000,990,0.145098039215686,0.112156862745098,0.742745098039215
"525",2000,992,0.143529411764706,0.112156862745098,0.744313725490196
"526",2000,997,0.142745098039216,0.112156862745098,0.745098039215686
"527",2000,998,0.141960784313725,0.112156862745098,0.745882352941176
"528",2000,1007,0.141176470588235,0.112941176470588,0.745882352941176
"529",2000,1009,0.140392156862745,0.112941176470588,0.746666666666666
"530",2000,1010,0.139607843137255,0.112941176470588,0.747450980392156
"531",2000,1013,0.138823529411765,0.112941176470588,0.748235294117647
"532",2000,1015,0.138039215686274,0.112941176470588,0.749019607843137
"533",2000,1022,0.137254901960784,0.112941176470588,0.749803921568627
"534",2000,1034,0.136470588235294,0.112941176470588,0.750588235294117
"535",2000,1039,0.135686274509804,0.112941176470588,0.751372549019607
"536",2000,1047,0.134901960784314,0.112941176470588,0.752156862745098
"537",2000,1058,0.133333333333333,0.112941176470588,0.753725490196078
"538",2000,1064,0.130196078431372,0.114509803921569,0.755294117647058
"539",2000,1068,0.129411764705882,0.114509803921569,0.756078431372549
"540",2000,1076,0.127843137254902,0.114509803921569,0.757647058823529
"541",2000,1081,0.127058823529412,0.114509803921569,0.758431372549019
"542",2000,1084,0.126274509803921,0.115294117647059,0.758431372549019
"543",2000,1088,0.125490196078431,0.115294117647059,0.759215686274509
"544",2000,1092,0.124705882352941,0.115294117647059,0.76
"545",2000,1093,0.123921568627451,0.115294117647059,0.76078431372549
"546",2000,1103,0.123137254901961,0.116078431372549,0.76078431372549
"547",2000,1106,0.12156862745098,0.116078431372549,0.76235294117647
"548",2000,1107,0.12078431372549,0.116862745098039,0.76235294117647
"549",2000,1108,0.12,0.116862745098039,0.76313725490196
"550",2000,1118,0.11921568627451,0.116862745098039,0.76392156862745
"551",2000,1125,0.11843137254902,0.116862745098039,0.764705882352941
"552",2000,1133,0.117647058823529,0.116862745098039,0.765490196078431
"553",2000,1134,0.116862745098039,0.117647058823529,0.765490196078431
"554",2000,1137,0.115294117647059,0.117647058823529,0.767058823529411
"555",2000,1144,0.114509803921569,0.117647058823529,0.767843137254901
"556",2000,1146,0.113725490196078,0.117647058823529,0.768627450980391
"557",2000,1149,0.112941176470588,0.11843137254902,0.768627450980391
"558",2000,1162,0.112156862745098,0.11843137254902,0.769411764705882
"559",2000,1163,0.110588235294118,0.11843137254902,0.770980392156862
"560",2000,1174,0.109803921568627,0.11921568627451,0.770980392156862
"561",2000,1186,0.109019607843137,0.12,0.770980392156862
"562",2000,1192,0.108235294117647,0.12,0.771764705882352
"563",2000,1194,0.107450980392157,0.12,0.772549019607842
"564",2000,1195,0.106666666666667,0.12078431372549,0.772549019607842
"565",2000,1213,0.105882352941176,0.12078431372549,0.773333333333333
"566",2000,1228,0.103529411764706,0.123137254901961,0.773333333333333
"567",2000,1229,0.102745098039216,0.123137254901961,0.774117647058823
"568",2000,1236,0.101960784313725,0.123137254901961,0.774901960784313
"569",2000,1240,0.0996078431372548,0.123137254901961,0.777254901960784
"570",2000,1254,0.0988235294117646,0.123921568627451,0.777254901960784
"571",2000,1255,0.0980392156862744,0.123921568627451,0.778039215686274
"572",2000,1256,0.0972549019607842,0.123921568627451,0.778823529411764
"573",2000,1275,0.0956862745098038,0.123921568627451,0.780392156862744
"574",2000,1288,0.0949019607843136,0.124705882352941,0.780392156862744
"575",2000,1289,0.0941176470588235,0.124705882352941,0.781176470588234
"576",2000,1291,0.0933333333333333,0.124705882352941,0.781960784313725
"577",2000,1295,0.0925490196078431,0.125490196078431,0.781960784313725
"578",2000,1300,0.0917647058823529,0.125490196078431,0.782745098039215
"579",2000,1304,0.0909803921568627,0.125490196078431,0.783529411764705
"580",2000,1331,0.0901960784313725,0.125490196078431,0.784313725490195
